50
0 1 0.1
1 2 0.1
2 3 0.1
3 4 0.1
4 5 0.1
5 6 0.1
6 7 0.1
7 8 0.1
8 9 0.1
9 10 0.1
10 11 0.1
11 12 0.1
12 13 0.1
13 14 0.1
14 15 0.1
15 16 0.1
16 17 0.1
17 18 0.1
18 19 0.1
19 20 0.1
20 21 0.1
21 22 0.1
22 23 0.1
23 24 0.1
24 25 0.1
25 26 0.1
26 27 0.1
27 28 0.1
28 29 0.1
29 30 0.1
30 31 0.1
31 32 0.1
32 33 0.2
32 33 23
32 33 40
32 33 1.3
32 33 42
32 33 99
32 33 50
32 33 99.999
32 33 33.333
32 33 23
32 33 0.4
32 33 12
32 33 13
32 33 19
32 33 10 
32 33 10 
32 33 10 
32 33 10 
32 33 10 
32 33 10 
32 33 10 
32 33 10 
33 34 1
33 34 2
33 34 3
33 34 4
33 34 5
33 34 6
33 34 7
33 34 8
33 34 9
33 34 10
33 34 11
